0 0.206322 0.266353 0.024655 0.037032
0 0.177270 0.265929 0.024660 0.037032
0 0.187183 0.701456 0.024655 0.037032
0 0.186408 0.626700 0.024655 0.037032
0 0.186150 0.668636 0.024660 0.037032
0 0.182798 0.702912 0.024655 0.037032
0 0.316873 0.701527 0.024655 0.037032
0 0.293410 0.701640 0.024660 0.037032
0 0.455825 0.701240 0.024660 0.037025
0 0.484035 0.701696 0.024660 0.037032
0 0.635332 0.700830 0.024655 0.037025
0 0.607810 0.700876 0.024660 0.037032
0 0.553410 0.700647 0.024660 0.037025
0 0.526423 0.700951 0.024655 0.037025
0 0.529888 0.542177 0.024655 0.037032
0 0.744675 0.465717 0.024660 0.037032
0 0.744675 0.396449 0.024660 0.037025
0 0.499555 0.376364 0.024660 0.037025
0 0.475900 0.376491 0.024660 0.037025
0 0.451618 0.376615 0.024655 0.037032
0 0.308768 0.324661 0.024655 0.037025
0 0.186942 0.412028 0.024655 0.037032
0 0.295495 0.392572 0.024660 0.037032
0 0.295340 0.429558 0.024660 0.037025
0 0.266697 0.434155 0.024655 0.037032
0 0.295550 0.494463 0.024660 0.037025
0 0.262160 0.538481 0.024660 0.037032
0 0.193132 0.537572 0.024655 0.037025
0 0.242255 0.485385 0.024660 0.037032
0 0.552795 0.266516 0.024660 0.037032
0 0.527092 0.266954 0.024655 0.037032
0 0.441278 0.266703 0.024655 0.037025
