0 0.156664 0.210977 0.008804 0.011491
0 0.258896 0.210560 0.009149 0.012460
0 0.267521 0.212056 0.007744 0.014844
0 0.275315 0.212300 0.007619 0.013479
0 0.413789 0.253964 0.008232 0.013707
0 0.525988 0.253357 0.009774 0.012494
0 0.414854 0.365489 0.009875 0.012662
0 0.414083 0.435076 0.008738 0.012376
0 0.413884 0.447304 0.008280 0.012300
0 0.413193 0.483100 0.008149 0.014153
0 0.413807 0.497687 0.008887 0.013623
0 0.413551 0.553496 0.008375 0.013142
0 0.490399 0.555505 0.009012 0.013976
0 0.498854 0.555586 0.007899 0.013816
0 0.526155 0.414516 0.008429 0.012637
0 0.622786 0.388441 0.008631 0.012553
0 0.623699 0.359111 0.008315 0.012022
0 0.473771 0.579882 0.009137 0.011879
0 0.527065 0.721327 0.008024 0.012224
0 0.353848 0.735425 0.008637 0.013277
0 0.370512 0.647291 0.010119 0.012409
0 0.279077 0.734941 0.008738 0.012982
0 0.230060 0.706057 0.009774 0.013092
0 0.204244 0.734301 0.009155 0.013993
0 0.146062 0.580261 0.009065 0.011575
0 0.145262 0.555101 0.007821 0.012578
0 0.225952 0.555737 0.008536 0.010312
0 0.277408 0.556361 0.008351 0.010564
0 0.254810 0.630118 0.009167 0.010868
0 0.208241 0.388370 0.008887 0.012157
0 0.216756 0.388058 0.009036 0.012780
0 0.224756 0.388054 0.008440 0.012772
0 0.214167 0.367515 0.009476 0.010278
0 0.724479 0.238370 0.013708 0.019402
0 0.725530 0.281036 0.009381 0.014794
0 0.725101 0.316356 0.010238 0.014785
