0 0.422673 0.253277 0.008107 0.015747
0 0.422705 0.202955 0.008173 0.014124
0 0.423051 0.188544 0.008661 0.014991
0 0.513539 0.271985 0.010804 0.013076
0 0.538113 0.262552 0.011500 0.012320
0 0.538810 0.272990 0.012548 0.010567
0 0.568006 0.273252 0.011333 0.012088
0 0.578735 0.272573 0.010839 0.011641
0 0.589384 0.105812 0.007875 0.014854
0 0.589265 0.091314 0.008363 0.014502
0 0.629429 0.238948 0.008714 0.015198
0 0.629247 0.253445 0.009077 0.014502
0 0.719658 0.423411 0.010804 0.011340
0 0.815607 0.228832 0.008893 0.017629
0 0.094464 0.537891 0.014095 0.015129
0 0.094330 0.605176 0.011506 0.014338
0 0.093354 0.573956 0.012339 0.013582
0 0.720304 0.413110 0.013071 0.013591
0 0.815589 0.855331 0.009095 0.016246
0 0.815414 0.839781 0.008720 0.014854
0 0.629336 0.775627 0.008875 0.014708
0 0.630497 0.760769 0.010994 0.015009
0 0.814979 0.624334 0.009220 0.015095
0 0.815196 0.608638 0.009619 0.016297
0 0.630244 0.544373 0.011702 0.016014
0 0.561214 0.426546 0.012345 0.012577
0 0.306682 0.270932 0.011256 0.012053
0 0.321580 0.252792 0.010792 0.010498
0 0.408667 0.152650 0.008500 0.014923
