0 0.609433 0.220494 0.012166 0.019322
0 0.637075 0.236494 0.014515 0.015700
0 0.715473 0.132309 0.015121 0.015605
0 0.731657 0.132545 0.011917 0.016129
0 0.775143 0.090416 0.011025 0.017365
0 0.908095 0.091777 0.011735 0.020378
0 0.908231 0.262146 0.010188 0.018781
0 0.921004 0.367468 0.013853 0.016309
0 0.726678 0.540009 0.010807 0.018489
0 0.716095 0.540069 0.010394 0.018781
0 0.433796 0.570339 0.011559 0.019373
0 0.742633 0.540373 0.010607 0.017176
0 0.562688 0.401416 0.010740 0.018352
0 0.656292 0.380090 0.012743 0.012369
0 0.655404 0.428416 0.011268 0.015099
0 0.667779 0.428416 0.013483 0.015099
0 0.213820 0.252197 0.013659 0.015399
0 0.254654 0.090914 0.011711 0.017193
