0 0.476714 0.565085 0.009073 0.008893
0 0.494690 0.758406 0.007151 0.011092
0 0.481003 0.758291 0.007776 0.013091
0 0.640073 0.745397 0.006750 0.012340
0 0.640612 0.696100 0.006932 0.012333
0 0.640656 0.673440 0.006656 0.011694
0 0.802159 0.765279 0.006234 0.013143
0 0.128805 0.842675 0.009172 0.010059
0 0.819393 0.765093 0.005974 0.012400
0 0.802094 0.632912 0.006365 0.012036
0 0.819070 0.632912 0.006620 0.013150
0 0.129547 0.870212 0.010406 0.011345
0 0.183648 0.474974 0.008255 0.008893
0 0.324049 0.474595 0.008776 0.009413
0 0.450885 0.211441 0.007260 0.011456
0 0.463357 0.318384 0.006297 0.011939
0 0.493010 0.318700 0.006208 0.012853
0 0.659154 0.583451 0.008401 0.008670
0 0.806109 0.605316 0.009187 0.009725
0 0.700664 0.652611 0.008859 0.010676
0 0.789375 0.475227 0.008750 0.009413
0 0.823513 0.371534 0.008568 0.014198
0 0.836000 0.287585 0.008396 0.012779
0 0.836000 0.326319 0.008771 0.013574
0 0.821911 0.325516 0.006719 0.014108
0 0.836000 0.251649 0.008396 0.012779
0 0.836503 0.187270 0.006849 0.012073
0 0.695242 0.105119 0.008911 0.008603
0 0.507099 0.106300 0.008865 0.009094
0 0.487036 0.206906 0.007000 0.011984
0 0.597458 0.174298 0.009177 0.010646
0 0.625128 0.327645 0.007130 0.012184
0 0.487146 0.443117 0.006802 0.012637
0 0.718443 0.448626 0.008812 0.008871
0 0.717036 0.512303 0.008427 0.009094
0 0.328495 0.339495 0.007469 0.012779
