0 0.654269 0.341919 0.019650 0.023289
0 0.652147 0.397515 0.022831 0.024792
0 0.476162 0.591826 0.017788 0.019496
0 0.325841 0.300274 0.017519 0.021309
0 0.475509 0.622188 0.017044 0.019708
0 0.457650 0.622188 0.018675 0.019708
0 0.502247 0.665500 0.013956 0.024474
0 0.502475 0.689452 0.014475 0.023519
0 0.519994 0.810990 0.013863 0.027392
0 0.366025 0.838143 0.018162 0.017436
0 0.268481 0.669783 0.016650 0.022131
0 0.250553 0.669439 0.018181 0.020645
0 0.512178 0.591618 0.017194 0.020760
0 0.494616 0.591720 0.017931 0.020964
0 0.343053 0.299598 0.016906 0.021777
0 0.458525 0.591826 0.017488 0.019496
0 0.399969 0.592246 0.019563 0.020548
0 0.316131 0.509293 0.015475 0.027427
0 0.316291 0.489598 0.014406 0.028179
0 0.519250 0.450676 0.015375 0.027896
0 0.519769 0.389814 0.015362 0.024279
0 0.519128 0.378037 0.015619 0.025358
0 0.520281 0.323877 0.015875 0.028621
0 0.124391 0.251583 0.019056 0.022175
0 0.293728 0.298537 0.018444 0.019567
0 0.276669 0.298515 0.015675 0.019611
0 0.259459 0.298970 0.018744 0.019567
0 0.295878 0.252449 0.018444 0.018691
0 0.277594 0.251578 0.020587 0.019567
0 0.361184 0.299187 0.019356 0.020866
