0 0.656767 0.192855 0.012467 0.014182
0 0.657988 0.245372 0.011110 0.013418
0 0.541327 0.282989 0.008757 0.011645
0 0.541523 0.294081 0.008366 0.010539
0 0.541654 0.304896 0.008628 0.011092
0 0.541393 0.315155 0.008626 0.011645
0 0.404562 0.232658 0.009474 0.012323
0 0.414350 0.342087 0.007842 0.011978
0 0.404626 0.371149 0.009724 0.011534
0 0.404305 0.382462 0.010367 0.011092
0 0.414664 0.412521 0.009410 0.013532
0 0.457710 0.511296 0.009756 0.013800
0 0.541248 0.445951 0.009543 0.012386
0 0.541523 0.456653 0.009933 0.011460
0 0.541700 0.565983 0.008753 0.011460
0 0.541438 0.576706 0.009277 0.011462
0 0.541633 0.587242 0.009277 0.011462
0 0.413931 0.574038 0.009277 0.011462
0 0.413931 0.562997 0.009277 0.011462
0 0.414213 0.536618 0.009277 0.011462
0 0.407027 0.536512 0.009279 0.011462
0 0.289890 0.536375 0.009277 0.011462
0 0.289630 0.563181 0.009277 0.011460
0 0.289761 0.574458 0.009277 0.011460
0 0.267522 0.448736 0.009277 0.011462
0 0.267614 0.438208 0.009279 0.011462
0 0.290317 0.322202 0.009277 0.011462
0 0.290507 0.311820 0.009277 0.011462
0 0.291071 0.301968 0.009277 0.011462
0 0.281285 0.290523 0.009277 0.011462
0 0.281849 0.300905 0.009277 0.011462
0 0.281849 0.311552 0.009277 0.011462
0 0.281097 0.321669 0.009277 0.011462
0 0.272250 0.311552 0.009277 0.011462
0 0.256442 0.321934 0.009277 0.011462
0 0.256629 0.311019 0.009277 0.011462
0 0.256442 0.301170 0.009277 0.011462
0 0.256065 0.289723 0.009277 0.011460
0 0.282178 0.232439 0.009277 0.011462
0 0.281960 0.221345 0.009277 0.011460
0 0.141400 0.242541 0.009277 0.011462
0 0.141023 0.339443 0.009277 0.011462
0 0.141588 0.350889 0.009279 0.011460
0 0.426541 0.751524 0.009277 0.011462
0 0.425186 0.838733 0.009277 0.011462
0 0.425626 0.848109 0.009277 0.011462
0 0.424971 0.858633 0.009277 0.011462
0 0.425145 0.869902 0.009279 0.011462
0 0.541277 0.860865 0.009277 0.011462
0 0.541176 0.699389 0.009277 0.011462
0 0.149131 0.159508 0.009279 0.011462
0 0.148975 0.148639 0.009277 0.011462
0 0.213352 0.369765 0.008603 0.012221
0 0.184278 0.416465 0.008603 0.012223
0 0.191684 0.416003 0.008603 0.012223
0 0.203664 0.416619 0.008601 0.012223
0 0.270534 0.526572 0.008601 0.012221
0 0.314448 0.608099 0.008601 0.012223
0 0.322159 0.607913 0.008603 0.012223
0 0.366857 0.607544 0.008603 0.012221
0 0.374961 0.607728 0.008603 0.012223
0 0.396747 0.608729 0.008601 0.012223
0 0.404650 0.608482 0.008603 0.012221
