0 0.460149 0.086781 0.014490 0.015859
0 0.475421 0.141496 0.014490 0.015852
0 0.490107 0.141496 0.014485 0.015852
0 0.503419 0.141221 0.014490 0.015859
0 0.602470 0.136973 0.014485 0.015852
0 0.616293 0.136973 0.014490 0.015852
0 0.630798 0.136493 0.014490 0.015852
0 0.645525 0.136016 0.014490 0.015859
0 0.592810 0.257898 0.014490 0.015852
0 0.607294 0.257898 0.014490 0.015852
0 0.607884 0.289245 0.014490 0.015859
0 0.621001 0.289245 0.014490 0.015859
0 0.613392 0.444412 0.014485 0.015852
0 0.627958 0.444746 0.014490 0.015852
0 0.482374 0.593619 0.014490 0.015852
0 0.496586 0.593145 0.014490 0.015852
0 0.537859 0.640181 0.014490 0.015852
0 0.552745 0.639231 0.014490 0.015859
0 0.712775 0.601225 0.014490 0.015852
0 0.725971 0.602171 0.014490 0.015852
0 0.342381 0.613389 0.014485 0.015852
0 0.356412 0.615452 0.014490 0.015859
0 0.491791 0.413166 0.014485 0.015852
0 0.444589 0.830891 0.014490 0.015852
0 0.227319 0.551315 0.014490 0.015852
0 0.241675 0.551089 0.014490 0.015859
0 0.226437 0.416434 0.014490 0.015859
0 0.204086 0.402227 0.014485 0.015852
0 0.189564 0.401312 0.014490 0.015859
0 0.174881 0.402227 0.014490 0.015852
0 0.147468 0.362589 0.014490 0.015852
0 0.132948 0.362359 0.014490 0.015852
0 0.118751 0.361900 0.014490 0.015852
0 0.126219 0.317387 0.014490 0.015859
0 0.204455 0.265254 0.014490 0.015852
0 0.214559 0.331246 0.014490 0.015852
0 0.230300 0.331903 0.014485 0.015859
0 0.296323 0.358960 0.014490 0.015859
0 0.310654 0.358629 0.014490 0.015852
0 0.122988 0.183466 0.014490 0.015852
0 0.138216 0.183862 0.014490 0.015852
0 0.152312 0.183862 0.014485 0.015852
0 0.202215 0.175546 0.014490 0.015852
0 0.216031 0.176340 0.014490 0.015852
0 0.229846 0.175546 0.014490 0.015852
0 0.285387 0.171983 0.014490 0.015852
0 0.284542 0.219495 0.014485 0.015859
0 0.298848 0.218918 0.014485 0.015859
0 0.313043 0.219607 0.014490 0.015859
0 0.345134 0.423674 0.014490 0.015852
0 0.359467 0.423344 0.014485 0.015859
0 0.477270 0.412707 0.014490 0.015852
0 0.504844 0.413622 0.014485 0.015859
0 0.478575 0.367342 0.014485 0.015852
0 0.538271 0.469791 0.014490 0.015852
0 0.552683 0.469217 0.014485 0.015859
0 0.445662 0.085957 0.014485 0.015852
