0 0.124373 0.810165 0.031726 0.036473
0 0.124010 0.887379 0.031726 0.036058
0 0.435436 0.656650 0.011805 0.014005
0 0.447005 0.656850 0.011805 0.013997
0 0.457465 0.656853 0.011805 0.014005
0 0.563758 0.244158 0.011805 0.014005
0 0.574382 0.244432 0.011805 0.014005
0 0.616672 0.244158 0.011805 0.014005
0 0.628998 0.244432 0.011805 0.014005
0 0.843616 0.385219 0.010648 0.013997
0 0.843755 0.399675 0.010648 0.014005
0 0.363228 0.247668 0.010648 0.014005
0 0.363864 0.262516 0.010648 0.013997
0 0.761517 0.656877 0.011805 0.014005
0 0.750082 0.657194 0.011805 0.013997
0 0.739016 0.656877 0.011805 0.014005
0 0.727823 0.656399 0.011805 0.014005
0 0.386838 0.464941 0.010648 0.014005
0 0.386311 0.450047 0.010648 0.013997
0 0.386602 0.378272 0.010648 0.014005
0 0.386814 0.363969 0.010648 0.014005
