0 0.117609 0.361229 0.009250 0.009226
0 0.128594 0.361391 0.009250 0.009233
0 0.146047 0.370140 0.009250 0.009226
0 0.156685 0.370140 0.009245 0.009226
0 0.106396 0.360753 0.009250 0.009233
0 0.214560 0.433767 0.009245 0.009226
0 0.111083 0.596333 0.009250 0.009226
0 0.121604 0.596333 0.009250 0.009226
0 0.117557 0.645179 0.009250 0.009226
0 0.167781 0.369663 0.009250 0.009233
0 0.433281 0.259344 0.009250 0.009226
0 0.487224 0.360387 0.009250 0.009233
0 0.498555 0.360229 0.009245 0.009233
0 0.486995 0.385688 0.009250 0.009226
0 0.498094 0.385369 0.009250 0.009233
0 0.509076 0.384892 0.009245 0.009226
0 0.435896 0.369140 0.009250 0.009233
0 0.446646 0.369774 0.009250 0.009226
0 0.446646 0.344319 0.009250 0.009226
0 0.435781 0.344319 0.009250 0.009226
0 0.442370 0.322835 0.009250 0.009226
0 0.421958 0.260032 0.009250 0.009226
0 0.581099 0.412419 0.009250 0.009226
0 0.432115 0.236434 0.009250 0.009226
0 0.420961 0.236663 0.009245 0.009226
0 0.539214 0.480685 0.009250 0.009226
0 0.549802 0.479308 0.009250 0.009226
0 0.589956 0.480136 0.009245 0.009233
0 0.566531 0.334215 0.009250 0.009233
0 0.577630 0.334133 0.009250 0.009226
0 0.574625 0.366434 0.009250 0.009226
0 0.585839 0.366753 0.009250 0.009233
0 0.538440 0.379165 0.009245 0.009226
0 0.549422 0.378685 0.009250 0.009226
0 0.560406 0.378846 0.009250 0.009233
0 0.580635 0.395394 0.009250 0.009226
0 0.140034 0.265667 0.009245 0.009226
0 0.129047 0.265896 0.009250 0.009226
0 0.117393 0.266584 0.009245 0.009226
0 0.304286 0.638971 0.009250 0.009226
0 0.314344 0.638971 0.009250 0.009226
0 0.314229 0.657430 0.009250 0.009226
0 0.304052 0.658226 0.009250 0.009226
0 0.408346 0.673853 0.009245 0.009226
0 0.397750 0.674122 0.009250 0.009233
0 0.594307 0.672932 0.009250 0.009233
0 0.582721 0.673208 0.009245 0.009226
0 0.513844 0.537326 0.009250 0.009233
0 0.503255 0.536502 0.009250 0.009233
0 0.600542 0.480961 0.009250 0.009233
0 0.612130 0.480409 0.009250 0.009233
0 0.755130 0.361480 0.015344 0.012208
0 0.753810 0.383423 0.011266 0.013197
