0 0.179911 0.703992 0.012847 0.019136
0 0.248069 0.704398 0.012849 0.019136
0 0.283837 0.472181 0.012847 0.019136
0 0.420902 0.617399 0.011746 0.020987
0 0.466025 0.351488 0.011746 0.020987
0 0.476528 0.351298 0.011746 0.020987
0 0.476528 0.332585 0.011746 0.020984
0 0.476372 0.313495 0.011746 0.020987
0 0.476701 0.294533 0.011746 0.020984
0 0.276765 0.379563 0.012849 0.019136
0 0.381746 0.378770 0.012849 0.019139
0 0.593329 0.764500 0.013215 0.020190
0 0.707638 0.451212 0.012847 0.019136
0 0.695352 0.450636 0.012849 0.019136
0 0.683314 0.451399 0.012847 0.019136
0 0.671985 0.450829 0.012849 0.019136
0 0.569548 0.451592 0.012847 0.019136
0 0.557512 0.451592 0.012847 0.019136
0 0.593010 0.708594 0.013800 0.020430
0 0.545120 0.450829 0.012849 0.019136
0 0.505940 0.450254 0.012847 0.019139
0 0.494138 0.450636 0.012847 0.019136
0 0.689439 0.216656 0.012849 0.019136
0 0.239243 0.218308 0.012849 0.019136
0 0.227348 0.217207 0.012847 0.019136
0 0.146287 0.217482 0.012847 0.019139
0 0.134731 0.217757 0.012847 0.019136
0 0.211986 0.703847 0.012847 0.019136
0 0.195755 0.687419 0.012847 0.019136
0 0.195960 0.704215 0.012849 0.019139
0 0.235776 0.703663 0.012847 0.019136
0 0.168300 0.704104 0.012849 0.019136
0 0.155802 0.703442 0.012849 0.019136
0 0.117721 0.710535 0.012847 0.019136
0 0.218189 0.471867 0.012847 0.017798
0 0.206270 0.471291 0.012847 0.015886
0 0.152220 0.450577 0.012849 0.019136
0 0.140064 0.451150 0.012849 0.019136
0 0.128145 0.450004 0.012849 0.019136
0 0.223938 0.704122 0.012847 0.019139
