0 0.712380 0.640559 0.031824 0.021871
0 0.498143 0.641932 0.031841 0.021871
0 0.468425 0.640936 0.031841 0.021871
0 0.440050 0.641264 0.031841 0.021871
0 0.599055 0.403560 0.031841 0.021871
0 0.638458 0.379964 0.031841 0.021871
0 0.611260 0.379502 0.031841 0.021871
0 0.585920 0.379733 0.031841 0.021871
0 0.627206 0.354763 0.031824 0.021871
0 0.598126 0.354532 0.031841 0.021871
0 0.360763 0.379052 0.031841 0.021871
0 0.332935 0.379283 0.031841 0.021871
0 0.749511 0.177740 0.031824 0.021871
0 0.701128 0.176804 0.031841 0.021871
0 0.672720 0.176804 0.031841 0.021871
0 0.651095 0.198190 0.031841 0.021871
0 0.620597 0.198190 0.031841 0.021871
0 0.447040 0.178141 0.031824 0.021871
0 0.590896 0.177947 0.031841 0.020535
0 0.447040 0.200608 0.031824 0.021871
0 0.559221 0.254241 0.031841 0.025881
0 0.560348 0.273487 0.031841 0.025881
0 0.173134 0.308809 0.031841 0.025881
0 0.563143 0.784313 0.031824 0.021871
0 0.562695 0.808396 0.031824 0.021871
0 0.768980 0.641707 0.031824 0.021883
0 0.740522 0.641252 0.031824 0.021871
