0 0.313484 0.670368 0.009921 0.014585
0 0.786567 0.576677 0.010917 0.015839
0 0.787055 0.611731 0.010919 0.015836
0 0.786065 0.734055 0.009938 0.014249
0 0.573995 0.492243 0.010008 0.013611
0 0.584115 0.492083 0.010008 0.013611
0 0.609765 0.491925 0.010008 0.013608
0 0.571170 0.583822 0.010008 0.013611
0 0.571303 0.595997 0.010008 0.013608
0 0.695165 0.469221 0.010008 0.013608
0 0.705064 0.469380 0.010008 0.013608
0 0.582751 0.108316 0.010008 0.013611
0 0.594113 0.108316 0.010008 0.013611
0 0.605250 0.108635 0.010008 0.013611
0 0.616727 0.109111 0.010008 0.013611
0 0.510630 0.109769 0.010008 0.013611
0 0.499848 0.109638 0.010008 0.013611
0 0.393473 0.236894 0.010008 0.013611
0 0.290279 0.109957 0.010008 0.013611
0 0.201502 0.109957 0.010008 0.013611
0 0.250894 0.411824 0.010008 0.013611
0 0.261019 0.411955 0.010008 0.013611
0 0.260396 0.556446 0.010008 0.013611
0 0.356533 0.753180 0.010008 0.013611
0 0.356757 0.765911 0.010008 0.013611
0 0.384657 0.765911 0.010008 0.013611
0 0.465314 0.603339 0.010008 0.013608
0 0.474651 0.603975 0.010008 0.013611
0 0.549344 0.765925 0.010008 0.013611
0 0.585955 0.618225 0.010008 0.013611
0 0.180780 0.218065 0.009921 0.014585
0 0.180482 0.204570 0.009921 0.014588
0 0.188684 0.204846 0.009921 0.014588
0 0.317419 0.138980 0.009921 0.014585
0 0.317014 0.152727 0.009921 0.014585
0 0.332539 0.125232 0.009921 0.014585
0 0.332539 0.111676 0.009921 0.014585
0 0.317358 0.254044 0.009921 0.014585
0 0.317808 0.267250 0.009921 0.014585
0 0.317695 0.280775 0.009921 0.014585
0 0.317695 0.295095 0.009921 0.014585
0 0.333008 0.327116 0.009921 0.014585
0 0.333321 0.341371 0.009921 0.014585
0 0.180347 0.383049 0.009921 0.014585
0 0.180439 0.396309 0.009921 0.014585
0 0.188503 0.396176 0.009921 0.014585
0 0.547287 0.131094 0.009923 0.014585
0 0.547175 0.145255 0.009921 0.014585
0 0.562162 0.253802 0.009921 0.014585
0 0.562498 0.268282 0.009921 0.014585
0 0.546645 0.305876 0.009921 0.014585
0 0.546833 0.319268 0.009921 0.014585
0 0.562208 0.331867 0.009921 0.014585
0 0.561926 0.318076 0.009921 0.014585
0 0.570083 0.317942 0.009921 0.014585
0 0.547115 0.438849 0.009921 0.014585
0 0.547036 0.453103 0.009921 0.014585
0 0.562114 0.450339 0.009921 0.014585
0 0.562114 0.463490 0.009921 0.014588
0 0.570240 0.464263 0.009921 0.014585
0 0.686877 0.120741 0.009921 0.014585
0 0.686877 0.134905 0.009921 0.014585
0 0.710717 0.217723 0.009921 0.014585
0 0.710717 0.231535 0.009921 0.014588
0 0.710613 0.364662 0.009921 0.014585
0 0.710838 0.378504 0.009921 0.014585
0 0.710581 0.627506 0.009923 0.014585
0 0.710851 0.679632 0.009923 0.014585
0 0.710581 0.693571 0.009923 0.014585
0 0.444342 0.629604 0.009921 0.014585
0 0.485420 0.746669 0.009921 0.014585
0 0.428547 0.759738 0.009921 0.014585
0 0.428547 0.746156 0.009921 0.014585
0 0.304955 0.759330 0.009921 0.014585
0 0.305180 0.746441 0.009921 0.014585
0 0.304822 0.709510 0.009921 0.014585
0 0.304147 0.670368 0.009921 0.014585
0 0.323047 0.670211 0.009921 0.014585
0 0.305408 0.631015 0.009921 0.014585
0 0.304733 0.591490 0.009921 0.014585
0 0.428328 0.642665 0.009921 0.014585
0 0.175374 0.699638 0.009921 0.014585
0 0.175374 0.686654 0.009921 0.014585
0 0.175390 0.584181 0.009921 0.014585
0 0.393224 0.413337 0.009921 0.014585
0 0.435372 0.135509 0.009921 0.014585
0 0.435221 0.122451 0.009921 0.014585
0 0.459587 0.181100 0.009921 0.014585
0 0.459738 0.195657 0.009921 0.014585
0 0.787012 0.646609 0.009921 0.014585
0 0.787193 0.682055 0.009921 0.014585
0 0.685126 0.596520 0.009921 0.014585
