0 0.305271 0.317709 0.016272 0.016215
0 0.305263 0.333235 0.016272 0.016215
0 0.304639 0.348954 0.016272 0.016215
0 0.708414 0.301892 0.016272 0.016215
0 0.708414 0.318002 0.016272 0.016221
0 0.709164 0.332839 0.016276 0.016221
0 0.709164 0.348310 0.016276 0.016221
0 0.708961 0.621378 0.016272 0.016215
0 0.708961 0.637911 0.016272 0.016221
0 0.304660 0.690045 0.016272 0.015496
0 0.625344 0.562349 0.006430 0.006862
0 0.625406 0.555360 0.006426 0.006862
0 0.608006 0.621765 0.016276 0.016215
0 0.625406 0.625151 0.006426 0.006868
0 0.608365 0.605741 0.016276 0.016221
0 0.625147 0.631654 0.006430 0.006862
0 0.625406 0.638153 0.006426 0.006862
0 0.625494 0.688207 0.006430 0.006862
0 0.305511 0.301620 0.016272 0.015695
0 0.625594 0.694670 0.006426 0.006862
0 0.561764 0.710139 0.011274 0.022382
0 0.608080 0.637201 0.016272 0.015490
0 0.305034 0.673972 0.016276 0.015490
0 0.550432 0.709994 0.011278 0.022382
0 0.377561 0.709734 0.011274 0.022382
0 0.388782 0.709670 0.011278 0.022388
0 0.607587 0.652929 0.016276 0.015496
