0 0.598614 0.355941 0.012991 0.019259
0 0.626440 0.356679 0.012991 0.019253
0 0.626708 0.256688 0.012995 0.019259
0 0.579766 0.094976 0.012991 0.019259
0 0.401476 0.189412 0.012991 0.019259
0 0.401476 0.207724 0.012991 0.019259
0 0.342557 0.122271 0.012995 0.019259
0 0.210698 0.139153 0.012991 0.019259
0 0.228982 0.162653 0.012995 0.019259
0 0.238124 0.173944 0.012991 0.019253
0 0.247041 0.185238 0.012991 0.019253
0 0.220062 0.151359 0.012991 0.019259
0 0.854858 0.156612 0.015037 0.019929
0 0.854845 0.182682 0.015037 0.019929
0 0.790847 0.125915 0.015032 0.019935
0 0.422329 0.089059 0.013872 0.019294
0 0.436126 0.089035 0.013954 0.019294
0 0.408182 0.089288 0.013872 0.019294
0 0.408410 0.108929 0.013872 0.019294
0 0.422376 0.108929 0.013872 0.019294
0 0.066386 0.294200 0.013872 0.019294
0 0.056538 0.557724 0.013868 0.019294
0 0.057937 0.777741 0.013872 0.019294
0 0.199708 0.778071 0.013872 0.019294
0 0.083311 0.499053 0.012991 0.019259
0 0.083128 0.518241 0.012995 0.019259
0 0.806242 0.239112 0.012991 0.019259
0 0.806511 0.221165 0.012995 0.019259
0 0.579884 0.358871 0.012995 0.019259
0 0.070481 0.557459 0.013872 0.019294
0 0.149265 0.511188 0.013872 0.019294
0 0.163113 0.511188 0.013868 0.019294
0 0.392669 0.549353 0.013872 0.019294
0 0.484022 0.522618 0.013872 0.019294
0 0.148554 0.778071 0.013868 0.019294
0 0.185544 0.777694 0.013872 0.019294
0 0.237482 0.777841 0.013872 0.019294
0 0.263610 0.778594 0.013872 0.019294
0 0.277043 0.778512 0.013872 0.019294
0 0.522589 0.777835 0.013868 0.019294
0 0.429759 0.645041 0.013872 0.019294
0 0.443511 0.644776 0.013872 0.019294
0 0.677899 0.493682 0.013872 0.019294
0 0.693137 0.665829 0.013872 0.019294
0 0.683468 0.520312 0.012995 0.019259
0 0.805709 0.405753 0.012991 0.019259
0 0.805709 0.388174 0.012991 0.019253
0 0.626708 0.272806 0.012995 0.019259
0 0.580688 0.219700 0.012995 0.019259
0 0.371455 0.122638 0.012991 0.019253
0 0.371455 0.141682 0.012991 0.019259
0 0.385365 0.122271 0.012991 0.019259
0 0.223184 0.179744 0.012995 0.019253
0 0.177245 0.511188 0.013872 0.019294
0 0.176768 0.532229 0.013872 0.019294
0 0.162828 0.532494 0.013872 0.019294
0 0.149171 0.532882 0.013872 0.019294
0 0.229955 0.514247 0.013868 0.019294
0 0.261947 0.514382 0.013872 0.019294
0 0.294319 0.513724 0.013872 0.019294
0 0.318479 0.557647 0.013872 0.019294
0 0.071998 0.778012 0.013872 0.019294
0 0.085264 0.778012 0.013872 0.019294
0 0.134802 0.777694 0.013868 0.019294
0 0.208646 0.758118 0.013872 0.019294
0 0.083159 0.536703 0.012995 0.019253
0 0.280550 0.652021 0.012995 0.019253
0 0.279794 0.717459 0.012995 0.019259
0 0.383644 0.483447 0.012995 0.019259
0 0.445092 0.518735 0.012995 0.019259
0 0.664517 0.558465 0.012995 0.019259
0 0.683653 0.538879 0.012995 0.019253
0 0.625907 0.291118 0.012991 0.019259
0 0.625907 0.242774 0.012991 0.019253
0 0.385365 0.141318 0.012991 0.019259
0 0.209899 0.098394 0.012991 0.019259
0 0.200887 0.126941 0.012991 0.019259
