0 0.668951 0.691924 0.011151 0.021366
0 0.491556 0.628262 0.013473 0.015393
0 0.491810 0.653883 0.013473 0.015379
0 0.440512 0.609200 0.013473 0.015393
0 0.259059 0.663310 0.013473 0.018759
0 0.293893 0.563034 0.013463 0.018759
0 0.294063 0.541848 0.013473 0.018759
0 0.258795 0.686379 0.013473 0.018745
0 0.209400 0.546779 0.012088 0.021062
0 0.227746 0.546531 0.013463 0.020593
0 0.245663 0.546241 0.013473 0.020621
0 0.264015 0.545924 0.013473 0.020593
0 0.804561 0.528434 0.013473 0.020593
0 0.655722 0.455124 0.013473 0.020593
0 0.445956 0.690876 0.013473 0.015379
0 0.667961 0.662683 0.012956 0.020593
0 0.176420 0.524869 0.013463 0.018759
0 0.804756 0.213959 0.013473 0.020579
0 0.804756 0.257607 0.013473 0.020593
0 0.805620 0.235634 0.013463 0.020593
0 0.656810 0.253290 0.013463 0.020593
0 0.620288 0.254062 0.013473 0.020593
0 0.456024 0.301248 0.013473 0.020593
0 0.456454 0.320476 0.013473 0.020593
0 0.456024 0.343069 0.013473 0.020593
0 0.456454 0.364131 0.013473 0.020593
0 0.491859 0.324876 0.013473 0.018386
0 0.491644 0.303083 0.013473 0.018386
0 0.492293 0.282634 0.013463 0.018400
0 0.491332 0.432421 0.013473 0.018386
0 0.175829 0.378855 0.013473 0.018400
0 0.175395 0.353828 0.013463 0.018386
0 0.176044 0.327276 0.013473 0.018386
0 0.285902 0.312221 0.012449 0.018869
0 0.299941 0.311821 0.012449 0.018869
0 0.376580 0.239862 0.012439 0.018869
0 0.391605 0.239497 0.012439 0.018855
0 0.787644 0.552331 0.012439 0.018869
0 0.743190 0.552331 0.012449 0.018869
0 0.476010 0.553048 0.012449 0.018869
