0 0.632070 0.656756 0.017928 0.019414
0 0.506636 0.644499 0.015747 0.016930
0 0.490685 0.644842 0.015747 0.016930
0 0.354443 0.644901 0.015742 0.016930
0 0.232653 0.541476 0.015747 0.016930
0 0.255327 0.267661 0.015747 0.016930
0 0.407345 0.267055 0.015742 0.016930
0 0.172674 0.295296 0.011863 0.023505
0 0.172978 0.317013 0.011863 0.023498
0 0.172826 0.337572 0.011863 0.023498
0 0.173132 0.359404 0.011859 0.023498
0 0.172226 0.492223 0.011859 0.023498
0 0.301399 0.347246 0.011863 0.023505
0 0.300740 0.368920 0.011863 0.023505
0 0.430083 0.445339 0.011859 0.023498
0 0.566804 0.604802 0.011863 0.023505
0 0.567425 0.292503 0.011863 0.023505
