0 0.703852 0.195764 0.006992 0.017581
0 0.703852 0.227079 0.006992 0.016847
0 0.700781 0.258754 0.006475 0.013988
0 0.707008 0.258981 0.006475 0.013990
0 0.728811 0.491359 0.006475 0.013988
0 0.726009 0.518827 0.006473 0.013988
0 0.732254 0.518385 0.006475 0.013988
0 0.728715 0.542229 0.006473 0.013990
0 0.731113 0.568051 0.006473 0.013990
0 0.726051 0.595256 0.006475 0.013988
0 0.730734 0.594815 0.006475 0.013988
0 0.289537 0.611882 0.024727 0.018462
0 0.735938 0.594520 0.006473 0.013988
0 0.740828 0.594815 0.006475 0.013988
0 0.726259 0.618658 0.006473 0.013990
0 0.731774 0.618658 0.006473 0.013990
0 0.731237 0.644280 0.006475 0.013988
0 0.736441 0.644383 0.006473 0.013988
0 0.589373 0.494410 0.013699 0.034869
0 0.576593 0.494777 0.011176 0.034869
0 0.564813 0.494014 0.012442 0.034867
0 0.553065 0.493973 0.012442 0.034869
0 0.577169 0.442904 0.013731 0.034869
0 0.458738 0.212723 0.013731 0.034869
0 0.456148 0.269491 0.013731 0.034869
0 0.468881 0.269796 0.013731 0.034867
0 0.607639 0.269491 0.013731 0.034869
0 0.619940 0.269186 0.013731 0.034869
0 0.420617 0.821717 0.013731 0.034869
0 0.420617 0.876654 0.013731 0.034869
0 0.515269 0.812865 0.024727 0.018460
0 0.515061 0.796276 0.024727 0.018460
0 0.288968 0.774398 0.024727 0.018462
0 0.288875 0.757045 0.024727 0.018462
0 0.289597 0.733223 0.024727 0.018462
0 0.289721 0.716796 0.024727 0.018460
0 0.289346 0.699841 0.024727 0.018460
0 0.289105 0.627753 0.024727 0.018462
0 0.289374 0.541920 0.024727 0.018462
0 0.289225 0.524752 0.024727 0.018460
0 0.289373 0.474520 0.024726 0.018460
0 0.288998 0.285414 0.024727 0.018462
0 0.289447 0.268882 0.024727 0.018462
0 0.544007 0.775533 0.024727 0.018462
