0 0.549242 0.142264 0.011276 0.020731
0 0.549141 0.163278 0.011271 0.020741
0 0.549013 0.206824 0.011276 0.020741
0 0.549271 0.227792 0.011271 0.020731
0 0.549271 0.247375 0.011271 0.020731
0 0.548971 0.267792 0.011276 0.020731
0 0.334471 0.514907 0.011276 0.020741
0 0.334659 0.532824 0.011276 0.020741
0 0.334398 0.586028 0.011276 0.020741
0 0.334398 0.606532 0.011276 0.020731
0 0.493237 0.656449 0.011276 0.020731
0 0.493393 0.676079 0.011276 0.020731
0 0.565242 0.707319 0.011276 0.020731
0 0.566021 0.727505 0.011271 0.020731
0 0.704208 0.707412 0.011271 0.020731
0 0.704596 0.727222 0.011276 0.020741
0 0.549508 0.323796 0.011276 0.020741
0 0.548951 0.345361 0.011276 0.020741
0 0.549138 0.364273 0.011276 0.020731
0 0.520396 0.311852 0.011271 0.020741
0 0.520396 0.295593 0.011271 0.020741
0 0.881065 0.817222 0.011276 0.020741
0 0.874534 0.870032 0.011276 0.020731
0 0.885419 0.870310 0.011276 0.020731
0 0.896461 0.870588 0.011276 0.020731
0 0.626758 0.630500 0.012943 0.020111
0 0.638799 0.630481 0.012943 0.020111
0 0.679023 0.590671 0.010130 0.020102
0 0.689656 0.590671 0.010896 0.020102
0 0.152883 0.802907 0.011276 0.020741
0 0.166990 0.804102 0.011271 0.020741
0 0.292122 0.149005 0.011276 0.020731
0 0.293242 0.164134 0.011276 0.020731
0 0.292794 0.218884 0.011276 0.015546
0 0.292794 0.234597 0.011276 0.015546
0 0.567555 0.124046 0.011276 0.019685
0 0.577924 0.124509 0.011276 0.019685
0 0.666560 0.124398 0.011276 0.019685
0 0.677604 0.123843 0.011271 0.019685
0 0.365263 0.489935 0.011276 0.019685
0 0.534909 0.489306 0.011276 0.019685
0 0.439482 0.489722 0.011276 0.019685
0 0.428458 0.489593 0.011271 0.019685
0 0.376872 0.489616 0.011276 0.019676
0 0.662352 0.433907 0.011276 0.019685
0 0.673549 0.434574 0.011276 0.019685
0 0.563148 0.364366 0.011276 0.019676
0 0.881354 0.964375 0.014063 0.023028
