0 0.117687 0.077644 0.021878 0.028657
0 0.334041 0.256111 0.017520 0.028667
0 0.493243 0.232222 0.021878 0.023889
0 0.611702 0.164213 0.021885 0.023889
0 0.609732 0.232690 0.021885 0.023880
0 0.609169 0.274889 0.021885 0.023889
0 0.402690 0.473731 0.021885 0.023889
0 0.444833 0.473157 0.021878 0.023889
0 0.442402 0.534500 0.021885 0.023889
0 0.654918 0.820481 0.021878 0.023889
0 0.814568 0.819491 0.021885 0.023889
0 0.334208 0.649981 0.017827 0.029241
0 0.334467 0.695426 0.017834 0.029241
0 0.333940 0.804954 0.017827 0.029241
0 0.432395 0.869565 0.017827 0.029241
0 0.535743 0.593722 0.017834 0.029241
0 0.827641 0.624222 0.017834 0.029241
