0 0.093298 0.537436 0.011952 0.014596
0 0.093196 0.573372 0.011952 0.014596
0 0.094634 0.605395 0.011958 0.014605
0 0.306360 0.270760 0.011958 0.011400
0 0.513899 0.272981 0.011952 0.011409
0 0.538804 0.262612 0.011952 0.011409
0 0.538324 0.272749 0.011958 0.011409
0 0.568176 0.273213 0.011958 0.011409
0 0.578232 0.273213 0.011952 0.011409
0 0.560905 0.426229 0.011952 0.011409
0 0.720071 0.413488 0.011952 0.011409
0 0.720345 0.423441 0.011952 0.011400
0 0.815667 0.839725 0.008310 0.015601
0 0.815804 0.855163 0.008310 0.015601
0 0.629021 0.775988 0.008304 0.015601
0 0.628863 0.761237 0.008310 0.015601
0 0.815908 0.623643 0.008304 0.015601
0 0.815217 0.609046 0.008304 0.015601
0 0.628744 0.544794 0.008310 0.015601
0 0.409452 0.152771 0.008310 0.015593
0 0.422220 0.188943 0.008310 0.015601
0 0.421905 0.203686 0.008310 0.015601
0 0.421905 0.253454 0.008310 0.015601
0 0.589262 0.091667 0.008310 0.015601
0 0.815247 0.228303 0.008304 0.015593
0 0.589262 0.106641 0.008310 0.015601
0 0.628801 0.239751 0.008304 0.015601
0 0.628571 0.254351 0.008310 0.015593
