0 0.778348 0.252523 0.013220 0.015122
0 0.778104 0.302789 0.013220 0.015131
0 0.779128 0.371744 0.013220 0.015131
0 0.777973 0.194347 0.013220 0.015131
0 0.779449 0.420817 0.013220 0.015131
0 0.534307 0.511356 0.016506 0.016816
0 0.562839 0.482216 0.016500 0.016816
0 0.563164 0.511938 0.016506 0.016816
0 0.592140 0.510783 0.016506 0.016816
0 0.400042 0.578863 0.016500 0.016816
0 0.167137 0.535897 0.016500 0.015147
0 0.219646 0.536066 0.016506 0.014810
0 0.166560 0.720965 0.016500 0.015139
0 0.586152 0.343791 0.016506 0.015147
0 0.552628 0.343126 0.016506 0.015147
0 0.552628 0.316255 0.016506 0.015139
0 0.461199 0.129511 0.016506 0.015147
0 0.635134 0.129511 0.016506 0.015147
0 0.634899 0.155725 0.016500 0.015139
0 0.477292 0.421222 0.011488 0.022561
0 0.459119 0.421070 0.011488 0.022561
0 0.468613 0.456007 0.011488 0.022561
0 0.389173 0.136445 0.011488 0.022561
0 0.389173 0.242746 0.011488 0.022561
0 0.152321 0.591811 0.011488 0.022561
