0 0.326683 0.079993 0.016567 0.017511
0 0.809417 0.118741 0.018500 0.017679
0 0.310494 0.079810 0.016567 0.017511
0 0.233494 0.282792 0.016567 0.017511
0 0.248594 0.282314 0.016567 0.017511
0 0.264072 0.282792 0.016567 0.017511
0 0.313511 0.273706 0.016556 0.017511
0 0.329739 0.274184 0.016567 0.017511
0 0.309361 0.246477 0.016567 0.017511
0 0.325589 0.245520 0.016556 0.017511
0 0.225572 0.312890 0.016567 0.017511
0 0.240672 0.313368 0.016567 0.017511
0 0.256894 0.313847 0.016567 0.017511
0 0.448967 0.514712 0.016556 0.017496
0 0.276106 0.643228 0.016567 0.017511
0 0.274217 0.673326 0.016567 0.017511
0 0.287428 0.674761 0.016567 0.017511
0 0.303283 0.673805 0.016567 0.017511
0 0.319511 0.673326 0.016556 0.017511
0 0.345450 0.919852 0.016567 0.017511
0 0.361300 0.921287 0.016556 0.017511
0 0.507367 0.880204 0.016556 0.017511
0 0.522461 0.879726 0.016567 0.017511
0 0.565122 0.723706 0.016556 0.017511
0 0.580061 0.723706 0.016567 0.017511
0 0.594478 0.724705 0.016556 0.017511
0 0.609939 0.723706 0.016567 0.017511
0 0.493156 0.340577 0.012844 0.019578
0 0.493694 0.359072 0.012833 0.019578
0 0.493694 0.377482 0.012833 0.019578
0 0.492944 0.456976 0.012844 0.019578
0 0.493678 0.474944 0.012844 0.019564
0 0.727856 0.470823 0.012844 0.019564
0 0.727856 0.489170 0.012844 0.019578
0 0.726500 0.651983 0.012844 0.019578
0 0.726839 0.671083 0.012833 0.019578
0 0.727656 0.743214 0.012844 0.019564
0 0.727439 0.762293 0.012833 0.019578
0 0.728094 0.780267 0.012833 0.019578
0 0.727222 0.838875 0.012844 0.019578
0 0.727000 0.857954 0.012844 0.019564
0 0.727656 0.878136 0.012844 0.019564
0 0.699478 0.845232 0.012844 0.019578
0 0.700133 0.825879 0.012844 0.019578
0 0.700133 0.807904 0.012844 0.019578
0 0.700133 0.789662 0.012844 0.019578
0 0.418089 0.863277 0.012844 0.019578
0 0.418089 0.843769 0.012844 0.019578
0 0.199500 0.858495 0.012844 0.019578
0 0.198556 0.839789 0.012844 0.019578
0 0.184400 0.905879 0.012844 0.019578
0 0.184089 0.888354 0.012844 0.019578
0 0.184400 0.856906 0.012844 0.019578
0 0.183778 0.838594 0.012844 0.019578
0 0.184722 0.819480 0.012844 0.019578
0 0.183456 0.800366 0.012844 0.019578
0 0.184278 0.759522 0.012844 0.019578
0 0.184278 0.738502 0.012844 0.019564
0 0.330056 0.522729 0.012844 0.019578
0 0.329433 0.502426 0.012844 0.019564
0 0.299056 0.165436 0.012844 0.019564
0 0.297133 0.105105 0.012844 0.019578
