0 0.405011 0.480688 0.018065 0.023486
0 0.438071 0.576007 0.018076 0.023486
0 0.455207 0.576007 0.018065 0.023486
0 0.472658 0.576410 0.018076 0.023486
0 0.409473 0.710014 0.018076 0.023500
0 0.426603 0.710479 0.018076 0.023486
0 0.441745 0.710938 0.018076 0.023486
0 0.639261 0.756535 0.018065 0.023486
0 0.601168 0.647500 0.018076 0.023500
0 0.964505 0.622285 0.018076 0.023486
0 0.801549 0.525542 0.018076 0.023500
0 0.856386 0.478563 0.018076 0.023486
0 0.818011 0.333910 0.018065 0.023486
0 0.835668 0.333576 0.018076 0.023486
0 0.870201 0.334569 0.018076 0.023500
0 0.960560 0.321965 0.018076 0.023486
0 0.977440 0.322299 0.018076 0.023486
0 0.867565 0.231146 0.018065 0.023486
0 0.884875 0.230590 0.018076 0.023486
0 0.958663 0.081229 0.018065 0.023486
0 0.709462 0.191833 0.018076 0.023500
0 0.679342 0.081354 0.018076 0.023486
0 0.663245 0.081354 0.018076 0.023486
0 0.645332 0.081687 0.018076 0.023486
0 0.616304 0.272479 0.018065 0.023486
0 0.359652 0.282806 0.018065 0.023500
0 0.432136 0.244097 0.018076 0.023500
0 0.360429 0.071160 0.018076 0.023486
0 0.433962 0.142424 0.018076 0.023486
0 0.449853 0.143215 0.018076 0.023486
0 0.467614 0.142424 0.018076 0.023486
