0 0.690283 0.408188 0.017676 0.056409
0 0.671666 0.408656 0.017676 0.056409
0 0.504364 0.408501 0.017676 0.056415
0 0.476077 0.408024 0.017676 0.056409
0 0.313423 0.409135 0.017676 0.056409
0 0.313870 0.381660 0.017676 0.056409
0 0.313649 0.354188 0.017676 0.056415
0 0.290965 0.407537 0.017679 0.056415
0 0.051908 0.409270 0.017676 0.056409
0 0.166725 0.770307 0.017676 0.056409
0 0.929676 0.407390 0.017676 0.056415
0 0.901694 0.685784 0.031757 0.029617
0 0.842480 0.686263 0.031754 0.029617
0 0.547217 0.685307 0.031757 0.029622
0 0.086644 0.685183 0.031757 0.029622
0 0.253804 0.719011 0.031757 0.029622
0 0.755702 0.775451 0.017676 0.056415
