0 0.706157 0.339712 0.008202 0.007737
0 0.706161 0.346987 0.008202 0.007737
0 0.698267 0.361283 0.008198 0.007731
0 0.536110 0.462298 0.008198 0.007731
0 0.698535 0.571143 0.008202 0.007737
0 0.546457 0.549259 0.008198 0.007731
0 0.509323 0.505690 0.008198 0.007731
0 0.519583 0.505459 0.008202 0.007737
0 0.194831 0.510208 0.008202 0.007737
0 0.165869 0.271117 0.008198 0.007731
0 0.165963 0.264584 0.008202 0.007731
0 0.166056 0.228717 0.008202 0.007731
0 0.166056 0.221784 0.008202 0.007731
0 0.166151 0.214983 0.008198 0.007731
0 0.165992 0.148441 0.008202 0.007737
0 0.249361 0.581722 0.008807 0.007560
0 0.179349 0.126690 0.008202 0.007737
0 0.281927 0.287055 0.008198 0.007737
0 0.289728 0.287055 0.008202 0.007737
0 0.338225 0.266730 0.008202 0.007737
0 0.353686 0.266830 0.008202 0.007731
0 0.353755 0.280325 0.008202 0.007731
0 0.346336 0.358301 0.008198 0.007731
0 0.346336 0.351562 0.008198 0.007731
0 0.240776 0.710014 0.005574 0.011625
0 0.214232 0.429507 0.005570 0.011625
0 0.219289 0.429849 0.005574 0.011625
0 0.224103 0.429336 0.005570 0.011625
0 0.255034 0.430020 0.005570 0.011625
0 0.291286 0.137346 0.005570 0.011625
0 0.380728 0.656226 0.005574 0.011859
0 0.380728 0.667577 0.005574 0.013147
0 0.422600 0.696360 0.005570 0.012218
0 0.504212 0.588720 0.005570 0.012218
0 0.541524 0.273042 0.005570 0.012218
0 0.604724 0.214618 0.005570 0.012212
0 0.666900 0.137038 0.005570 0.012218
0 0.693734 0.235257 0.005574 0.012212
0 0.629946 0.258888 0.008202 0.007731
0 0.384619 0.509923 0.005570 0.011625
