0 0.811603 0.120203 0.019107 0.022570
0 0.572555 0.122689 0.019114 0.020462
0 0.259034 0.103196 0.019107 0.020462
0 0.772441 0.119859 0.019107 0.022559
0 0.242060 0.102492 0.019107 0.020474
0 0.227531 0.103196 0.019107 0.020462
0 0.150118 0.101787 0.019114 0.020462
0 0.102268 0.101607 0.019107 0.020462
0 0.116631 0.101607 0.019107 0.020462
0 0.132244 0.103134 0.019114 0.020474
0 0.224733 0.442599 0.019107 0.020462
0 0.493902 0.634324 0.019107 0.020462
0 0.534886 0.660085 0.019107 0.020462
0 0.553317 0.661144 0.019114 0.020462
0 0.518404 0.699977 0.019107 0.020474
0 0.560571 0.434380 0.016988 0.020462
0 0.247611 0.779335 0.016994 0.020474
0 0.309931 0.760485 0.012825 0.026178
0 0.329498 0.825254 0.012832 0.028636
0 0.241589 0.622153 0.012832 0.028636
0 0.259546 0.613258 0.012832 0.028636
0 0.831984 0.119504 0.019107 0.022570
0 0.792088 0.208811 0.019107 0.022559
0 0.792088 0.234927 0.019107 0.022570
0 0.792521 0.119853 0.019114 0.022570
0 0.658210 0.104036 0.019107 0.022570
0 0.129820 0.554634 0.012825 0.028636
0 0.129858 0.371601 0.012832 0.028636
0 0.129598 0.294081 0.012825 0.028636
0 0.130118 0.260620 0.012825 0.028636
0 0.130042 0.171127 0.012825 0.028636
0 0.137992 0.152300 0.012825 0.028636
0 0.400599 0.239391 0.012832 0.028636
0 0.419332 0.265829 0.012832 0.028636
0 0.436818 0.147384 0.012832 0.028636
0 0.437130 0.347666 0.012832 0.028636
0 0.419643 0.391894 0.012832 0.028636
0 0.557348 0.128579 0.012825 0.028636
0 0.577964 0.410225 0.012825 0.028636
0 0.616735 0.370834 0.012832 0.028636
0 0.238972 0.443207 0.019107 0.020462
0 0.180381 0.753365 0.018186 0.020462
0 0.125225 0.885389 0.019107 0.020474
0 0.346724 0.902249 0.019114 0.020462
0 0.425654 0.901539 0.019107 0.020462
0 0.535506 0.901110 0.019114 0.020462
