0 0.135221 0.785110 0.009974 0.013932
0 0.135448 0.811436 0.008823 0.013932
0 0.135831 0.839080 0.008818 0.013932
0 0.213737 0.671097 0.008818 0.013623
0 0.221557 0.671362 0.008823 0.013240
0 0.228240 0.671016 0.008823 0.013932
0 0.270284 0.671561 0.008818 0.012253
0 0.330747 0.671524 0.008818 0.012253
0 0.278992 0.568509 0.008818 0.012261
0 0.287365 0.568509 0.008823 0.012261
0 0.737901 0.554205 0.008823 0.013932
0 0.857982 0.554764 0.008818 0.013932
0 0.850378 0.555147 0.008818 0.013932
0 0.908979 0.509315 0.008823 0.013932
0 0.828557 0.379904 0.008823 0.013932
0 0.808414 0.380545 0.008818 0.013932
0 0.800833 0.380225 0.008823 0.013940
0 0.793135 0.380862 0.008823 0.013932
0 0.786234 0.380225 0.008823 0.013940
0 0.764391 0.379904 0.008823 0.013932
0 0.832406 0.360155 0.008823 0.012828
0 0.839648 0.359897 0.008818 0.012312
0 0.847453 0.359971 0.007906 0.012459
0 0.855492 0.360063 0.007911 0.012467
0 0.854896 0.168192 0.007906 0.013247
0 0.847563 0.168472 0.007906 0.013424
0 0.840333 0.168420 0.007906 0.013424
0 0.275805 0.330630 0.007891 0.013424
0 0.268029 0.330077 0.007891 0.013424
0 0.290503 0.330858 0.007891 0.013424
0 0.297888 0.330858 0.007891 0.013424
0 0.352076 0.168446 0.007891 0.013417
0 0.344060 0.168170 0.007891 0.013424
0 0.584867 0.311469 0.007891 0.013424
0 0.587945 0.484363 0.007891 0.013424
0 0.118690 0.426263 0.007891 0.013424
0 0.170708 0.564610 0.008635 0.012209
0 0.189026 0.582618 0.008635 0.012216
0 0.189310 0.593818 0.008641 0.012216
0 0.188745 0.603417 0.008635 0.012209
0 0.407901 0.175567 0.008635 0.012209
0 0.407706 0.185799 0.008641 0.012216
0 0.407706 0.196856 0.008641 0.012209
0 0.500927 0.292478 0.008635 0.012216
0 0.500766 0.303999 0.008635 0.012209
0 0.500927 0.320817 0.008635 0.012209
0 0.518693 0.287180 0.008635 0.012209
0 0.633888 0.358903 0.008641 0.012209
0 0.753422 0.346016 0.009198 0.012209
0 0.753401 0.182518 0.009198 0.012209
0 0.909099 0.220357 0.007906 0.013247
0 0.688620 0.484429 0.008635 0.012216
0 0.598354 0.504054 0.008635 0.012216
0 0.396135 0.523019 0.008635 0.012209
0 0.395745 0.583844 0.008635 0.012209
0 0.379443 0.583623 0.009198 0.012209
0 0.409815 0.518417 0.009193 0.012209
0 0.417365 0.335545 0.009198 0.012209
0 0.179406 0.228424 0.009198 0.012209
0 0.797990 0.168288 0.007906 0.013424
0 0.790539 0.168420 0.007911 0.013424
0 0.783750 0.168420 0.007906 0.013424
0 0.776203 0.168420 0.007906 0.013424
0 0.768661 0.168015 0.007906 0.013424
0 0.305859 0.307828 0.007906 0.013417
0 0.298276 0.307507 0.007906 0.013424
0 0.268625 0.308148 0.008583 0.013424
0 0.261271 0.307669 0.008583 0.013424
0 0.283102 0.330549 0.007891 0.013424
0 0.832224 0.168015 0.007906 0.013424
