0 0.677354 0.481671 0.011679 0.014425
0 0.671862 0.505325 0.011679 0.014417
0 0.491933 0.639496 0.011078 0.015658
0 0.491676 0.621767 0.011072 0.015667
0 0.325242 0.641917 0.011072 0.015667
0 0.325097 0.626387 0.011078 0.015658
0 0.324808 0.611271 0.011078 0.015658
0 0.325097 0.597788 0.011078 0.015658
0 0.344022 0.579812 0.011072 0.015658
0 0.325115 0.565054 0.011078 0.015658
0 0.171193 0.683021 0.011072 0.016375
0 0.172496 0.490304 0.011072 0.016375
0 0.172151 0.506488 0.011078 0.016375
0 0.343869 0.481454 0.011072 0.016375
0 0.372625 0.416221 0.011072 0.016375
0 0.372328 0.400546 0.011078 0.016375
0 0.401022 0.385175 0.011072 0.016367
0 0.400725 0.369079 0.011078 0.016375
0 0.401022 0.354675 0.011072 0.016367
0 0.401022 0.340271 0.011072 0.016375
0 0.401623 0.322908 0.011072 0.016367
0 0.401623 0.293254 0.011072 0.016375
0 0.400124 0.277158 0.011078 0.016367
0 0.172018 0.285071 0.011072 0.016375
0 0.172767 0.269533 0.011072 0.016367
0 0.310127 0.443025 0.011685 0.014417
0 0.321394 0.442292 0.011685 0.014417
0 0.401370 0.223679 0.011072 0.016375
0 0.401786 0.210150 0.011078 0.016367
0 0.402201 0.195146 0.011072 0.016375
0 0.526506 0.206454 0.011078 0.016375
0 0.546962 0.197875 0.011072 0.016367
0 0.546573 0.290404 0.011072 0.016375
0 0.546573 0.306092 0.011072 0.016367
0 0.546918 0.318837 0.011078 0.016375
0 0.546573 0.335021 0.011072 0.016375
0 0.547080 0.478554 0.011072 0.016375
0 0.525533 0.479571 0.011078 0.016375
0 0.580448 0.504838 0.011078 0.016375
0 0.774355 0.268183 0.011679 0.016517
0 0.776603 0.318554 0.011685 0.016525
0 0.668126 0.198371 0.011679 0.014425
0 0.677970 0.198092 0.011685 0.014417
0 0.660103 0.142867 0.011685 0.014417
0 0.669808 0.143358 0.011685 0.014417
0 0.494213 0.197742 0.011679 0.014417
0 0.368250 0.227108 0.011679 0.014417
0 0.358963 0.229650 0.011679 0.014417
0 0.280183 0.228379 0.011679 0.014425
0 0.255919 0.258454 0.011685 0.014425
0 0.267071 0.258404 0.011679 0.014425
0 0.276600 0.258546 0.011679 0.014425
0 0.287737 0.258404 0.011679 0.014425
0 0.193094 0.442963 0.011679 0.014425
0 0.204794 0.443779 0.011685 0.014425
0 0.244832 0.473404 0.011679 0.014425
0 0.254823 0.473575 0.011685 0.014417
0 0.265056 0.473404 0.011679 0.014425
0 0.276014 0.473233 0.011685 0.014417
0 0.214776 0.684433 0.011685 0.014417
0 0.226217 0.684725 0.011679 0.014417
0 0.280925 0.684137 0.011679 0.014425
0 0.292160 0.685312 0.011685 0.014425
0 0.424605 0.716617 0.011685 0.014417
0 0.527849 0.607400 0.011679 0.014417
0 0.488374 0.505817 0.011679 0.014417
0 0.478356 0.479904 0.011679 0.014425
0 0.536809 0.507262 0.011685 0.014425
0 0.595678 0.480200 0.011685 0.014417
0 0.667121 0.480612 0.011685 0.014425
