0 0.062158 0.828370 0.017767 0.022976
0 0.656275 0.535465 0.017767 0.022987
0 0.679600 0.534973 0.017767 0.022987
0 0.740925 0.513239 0.017767 0.022976
0 0.739796 0.486072 0.017758 0.022976
0 0.416617 0.487057 0.017767 0.022976
0 0.359058 0.486072 0.017767 0.022976
0 0.128992 0.175191 0.017767 0.022987
0 0.062475 0.791559 0.017767 0.022987
0 0.148583 0.175191 0.017767 0.022987
0 0.313708 0.175531 0.017767 0.022987
0 0.453317 0.176488 0.017767 0.022976
0 0.683658 0.290432 0.017767 0.022987
0 0.777908 0.306854 0.017767 0.022987
0 0.825667 0.307259 0.017767 0.022987
0 0.842900 0.306789 0.017767 0.022987
0 0.859775 0.306307 0.017767 0.022987
0 0.875925 0.306072 0.017767 0.022976
