0 0.923557 0.239436 0.037390 0.065227
0 0.920028 0.411713 0.029282 0.047438
0 0.777044 0.412562 0.031547 0.047438
0 0.776506 0.586274 0.031547 0.047452
0 0.921989 0.586852 0.031547 0.047438
0 0.776685 0.759414 0.034751 0.059795
0 0.917956 0.759927 0.034751 0.059795
0 0.920470 0.934012 0.032099 0.059795
0 0.776657 0.933338 0.030663 0.059795
0 0.847707 0.627438 0.045028 0.034436
0 0.847348 0.544305 0.045028 0.034436
0 0.848757 0.456223 0.045028 0.034436
0 0.848771 0.372013 0.045028 0.034451
0 0.848612 0.718023 0.057472 0.034436
0 0.848612 0.801947 0.057472 0.034436
0 0.848612 0.890703 0.057472 0.034436
0 0.848218 0.975447 0.057486 0.032592
0 0.848301 0.285351 0.061409 0.040688
0 0.845635 0.194092 0.061409 0.040688
0 0.771858 0.239883 0.037390 0.065212
