0 0.079778 0.659744 0.026944 0.034801
0 0.074084 0.779607 0.026944 0.034810
0 0.253872 0.772706 0.026944 0.034801
0 0.440159 0.687370 0.019431 0.024783
0 0.486278 0.543320 0.019431 0.024783
0 0.504128 0.543320 0.019431 0.024783
0 0.522338 0.543643 0.019437 0.024775
0 0.540319 0.543413 0.019437 0.024775
0 0.738922 0.687113 0.019431 0.024783
0 0.761678 0.687387 0.019431 0.024783
0 0.664553 0.481870 0.019431 0.024783
0 0.683972 0.482423 0.019431 0.024775
0 0.752628 0.482701 0.019431 0.024783
0 0.770678 0.482980 0.019431 0.024775
0 0.683134 0.196534 0.019431 0.024775
0 0.702341 0.197334 0.019431 0.024783
0 0.810647 0.196627 0.019431 0.024783
0 0.311934 0.466888 0.017931 0.026790
0 0.312606 0.441034 0.019438 0.024775
0 0.312125 0.290597 0.016375 0.024783
0 0.312075 0.265309 0.016375 0.024783
0 0.311441 0.148762 0.016744 0.025906
0 0.455784 0.148342 0.017556 0.026127
0 0.456372 0.174275 0.017556 0.026127
0 0.454963 0.199863 0.017550 0.026127
0 0.483622 0.203519 0.017556 0.026136
0 0.455050 0.224832 0.017550 0.026127
0 0.483044 0.228709 0.017550 0.026136
0 0.454881 0.353470 0.017550 0.026127
0 0.455728 0.377798 0.017556 0.026136
0 0.613875 0.305248 0.017550 0.026127
0 0.614213 0.331092 0.017550 0.026127
0 0.633834 0.280367 0.017556 0.026127
0 0.634847 0.305248 0.017556 0.026127
0 0.635184 0.332047 0.017556 0.026127
0 0.634847 0.355018 0.017556 0.026127
0 0.660894 0.328700 0.017550 0.026136
0 0.661909 0.302860 0.017556 0.026127
0 0.798081 0.366110 0.017550 0.026136
0 0.849519 0.365283 0.017550 0.026127
0 0.848353 0.315022 0.017556 0.026136
0 0.848334 0.417290 0.017556 0.026127
0 0.847866 0.443214 0.017556 0.026127
0 0.847866 0.469797 0.017556 0.026136
0 0.455300 0.657157 0.017550 0.026127
