0 0.347535 0.171471 0.008141 0.010860
0 0.082417 0.345006 0.006754 0.010424
0 0.088530 0.344479 0.006745 0.010412
0 0.095022 0.344655 0.006745 0.010424
0 0.056318 0.381568 0.006754 0.010424
0 0.063067 0.381568 0.006745 0.010424
0 0.069428 0.381398 0.006745 0.010424
0 0.147596 0.381398 0.006745 0.010424
0 0.154341 0.381919 0.006745 0.010424
0 0.161091 0.382100 0.006754 0.010424
0 0.167325 0.382100 0.006745 0.010424
0 0.147849 0.434734 0.006745 0.010412
0 0.154219 0.434734 0.006745 0.010412
0 0.160327 0.434558 0.006745 0.010424
0 0.166819 0.434025 0.006745 0.010424
0 0.170284 0.345079 0.006745 0.010424
0 0.176850 0.345297 0.006754 0.010424
0 0.183573 0.345079 0.006745 0.010424
0 0.043111 0.288196 0.006745 0.010412
0 0.066374 0.037113 0.006745 0.010424
0 0.072753 0.037113 0.006745 0.010424
0 0.231497 0.036568 0.006745 0.010424
0 0.238124 0.036931 0.006754 0.010424
0 0.608870 0.037076 0.006745 0.010424
0 0.615554 0.037512 0.006745 0.010424
0 0.760441 0.037197 0.006745 0.010424
0 0.766898 0.037197 0.006745 0.010424
0 0.666553 0.279219 0.006754 0.010424
0 0.673120 0.279855 0.006745 0.010412
0 0.679996 0.279219 0.006745 0.010424
0 0.686108 0.279431 0.006754 0.010412
0 0.686261 0.314613 0.006745 0.010412
0 0.680153 0.313765 0.006745 0.010412
0 0.673277 0.314195 0.006745 0.010424
0 0.667164 0.313553 0.006754 0.010424
0 0.638294 0.313765 0.006745 0.010412
0 0.533914 0.351689 0.006745 0.010424
0 0.540275 0.351955 0.006745 0.010424
0 0.718399 0.351653 0.006745 0.010424
0 0.725462 0.351653 0.006754 0.010424
0 0.763538 0.605611 0.006745 0.010424
0 0.657762 0.604619 0.006745 0.010424
0 0.651654 0.604861 0.006745 0.010424
0 0.645109 0.604740 0.006745 0.010424
0 0.638390 0.604498 0.006745 0.010424
0 0.691353 0.635690 0.006754 0.010412
0 0.698333 0.636168 0.006754 0.010424
0 0.796985 0.894909 0.006745 0.010424
0 0.357640 0.854207 0.006745 0.010424
0 0.351667 0.853638 0.006754 0.010424
0 0.344882 0.854770 0.006745 0.010412
0 0.344476 0.830297 0.006754 0.010424
0 0.350990 0.829546 0.006745 0.010424
0 0.091444 0.700805 0.006745 0.010424
0 0.267282 0.700805 0.006745 0.010424
0 0.039555 0.444752 0.006754 0.010424
0 0.075777 0.344988 0.006754 0.010412
0 0.380729 0.046102 0.008141 0.010872
0 0.346985 0.091471 0.008141 0.010860
0 0.347395 0.133075 0.008141 0.010872
0 0.347264 0.161870 0.008141 0.010860
0 0.323634 0.249619 0.008141 0.010860
0 0.786287 0.934522 0.008141 0.010860
0 0.531008 0.720575 0.008141 0.010860
0 0.531008 0.730285 0.008141 0.010860
0 0.531117 0.738820 0.008133 0.010860
0 0.530694 0.784746 0.008141 0.010872
0 0.530589 0.795048 0.008141 0.010872
0 0.530375 0.803584 0.008133 0.010872
0 0.462744 0.907554 0.008141 0.010872
0 0.459123 0.758335 0.008141 0.010860
0 0.339524 0.759818 0.008141 0.010872
0 0.327011 0.475623 0.008141 0.010860
0 0.454725 0.510757 0.008141 0.010860
0 0.435004 0.500466 0.008141 0.010860
0 0.778774 0.386598 0.008141 0.010872
0 0.778477 0.378438 0.008141 0.010872
0 0.778172 0.368820 0.008141 0.010860
0 0.778172 0.360242 0.008141 0.010872
0 0.819411 0.245285 0.008141 0.010860
0 0.779167 0.311538 0.008141 0.010872
0 0.779079 0.301247 0.008141 0.010872
0 0.778905 0.293868 0.008141 0.010860
0 0.778556 0.284546 0.008141 0.010860
0 0.532552 0.233220 0.008141 0.010872
0 0.380179 0.055133 0.008141 0.010872
