0 0.281011 0.285916 0.015000 0.009634
0 0.580328 0.402636 0.014982 0.011064
0 0.579619 0.392352 0.014982 0.011064
0 0.753138 0.243505 0.016418 0.011052
0 0.738103 0.204947 0.015000 0.011052
0 0.738812 0.214639 0.015000 0.011052
0 0.711684 0.216649 0.015000 0.011052
0 0.712748 0.206241 0.015000 0.011064
0 0.604823 0.062459 0.015000 0.009622
0 0.605239 0.072429 0.014982 0.010816
0 0.206711 0.270260 0.014982 0.009622
0 0.191392 0.270089 0.014982 0.009634
0 0.161729 0.971578 0.016082 0.008262
0 0.177598 0.972015 0.016082 0.008262
0 0.192846 0.972370 0.016082 0.008262
0 0.207207 0.971661 0.016082 0.008262
0 0.162527 0.951667 0.016082 0.009716
0 0.177420 0.952039 0.016082 0.009728
0 0.192314 0.952394 0.016082 0.009728
0 0.207207 0.951803 0.016082 0.009728
0 0.382261 0.971755 0.016082 0.009728
0 0.398573 0.971755 0.016082 0.009728
0 0.413466 0.971998 0.016082 0.009716
0 0.045151 0.722305 0.016082 0.010804
0 0.162420 0.640892 0.016082 0.009728
0 0.177314 0.641011 0.016082 0.009728
0 0.165966 0.607323 0.016082 0.009728
0 0.181392 0.607323 0.016082 0.009728
0 0.196285 0.607323 0.016082 0.009728
0 0.483254 0.606879 0.016082 0.009716
0 0.497367 0.607470 0.016082 0.009716
0 0.613848 0.614823 0.016099 0.009716
0 0.628856 0.614823 0.016082 0.009716
0 0.642527 0.640414 0.016082 0.009716
0 0.657527 0.641005 0.016082 0.009716
0 0.955319 0.608676 0.013475 0.011206
0 0.955541 0.598327 0.013457 0.011194
0 0.956179 0.589391 0.013457 0.011194
0 0.956817 0.579178 0.013457 0.011194
0 0.956374 0.568930 0.013457 0.011194
0 0.235940 0.286324 0.016773 0.009622
0 0.251011 0.286259 0.015000 0.009634
0 0.266463 0.286259 0.014982 0.009634
