0 0.296939 0.706649 0.010027 0.015736
0 0.078201 0.224205 0.011222 0.013908
0 0.322278 0.706649 0.010027 0.015736
0 0.078639 0.422229 0.011222 0.017117
0 0.078918 0.616932 0.010027 0.015736
0 0.959011 0.487036 0.013984 0.014190
0 0.818938 0.332504 0.010544 0.015736
0 0.462251 0.271954 0.010558 0.015736
0 0.462543 0.423544 0.012470 0.015736
0 0.481467 0.482296 0.010027 0.015736
0 0.462623 0.573990 0.010027 0.015736
0 0.820179 0.557719 0.010027 0.015736
0 0.959090 0.392868 0.013984 0.014175
0 0.958951 0.441895 0.013971 0.014190
0 0.958951 0.535253 0.013971 0.014190
