0 0.370158 0.069530 0.009487 0.009463
0 0.475420 0.068687 0.009487 0.009463
0 0.483914 0.068895 0.009487 0.009463
0 0.493532 0.068895 0.009487 0.009463
0 0.711479 0.068785 0.009487 0.009463
0 0.702746 0.068175 0.009487 0.009463
0 0.607767 0.320543 0.009487 0.009463
0 0.590890 0.320604 0.009487 0.009463
0 0.615846 0.360147 0.009181 0.008620
0 0.607658 0.360391 0.009181 0.008620
0 0.591064 0.360513 0.009181 0.008620
0 0.581845 0.360427 0.009170 0.008620
0 0.506545 0.360781 0.009181 0.008620
0 0.498368 0.360781 0.009181 0.008620
0 0.444558 0.491471 0.009181 0.008608
0 0.477604 0.657125 0.010513 0.008999
0 0.468073 0.856117 0.009181 0.008620
0 0.458837 0.856319 0.009181 0.008608
0 0.340868 0.825293 0.007478 0.010781
0 0.341550 0.815171 0.007467 0.010781
0 0.317778 0.880495 0.007478 0.010781
0 0.318002 0.889103 0.007467 0.010781
0 0.467298 0.947332 0.007478 0.010781
0 0.465005 0.928284 0.007478 0.010781
0 0.430682 0.927607 0.007478 0.010794
0 0.430218 0.937344 0.007467 0.010781
0 0.465660 0.918394 0.007478 0.010781
0 0.632385 0.654817 0.013919 0.011172
0 0.631992 0.616313 0.013919 0.011184
0 0.631992 0.537564 0.013919 0.011172
0 0.631687 0.492601 0.013919 0.011184
0 0.632014 0.456142 0.013919 0.011184
0 0.299814 0.510269 0.009192 0.009158
0 0.126714 0.469225 0.009192 0.009145
0 0.118046 0.469182 0.009192 0.009158
0 0.341932 0.574225 0.007838 0.010965
0 0.342276 0.564402 0.007828 0.010977
0 0.265666 0.761709 0.007838 0.010965
0 0.265322 0.771538 0.007828 0.010965
0 0.098259 0.652485 0.007828 0.010977
0 0.098466 0.642302 0.007828 0.010977
0 0.353897 0.309908 0.007838 0.010977
0 0.353728 0.299383 0.007828 0.010977
0 0.387702 0.094853 0.009487 0.009463
0 0.379776 0.094634 0.009487 0.009463
0 0.370158 0.094853 0.009487 0.009463
0 0.387702 0.069322 0.009487 0.009463
0 0.379591 0.069322 0.009487 0.009463
