0 0.174741 0.853734 0.006812 0.011955
0 0.785378 0.330208 0.008126 0.009455
0 0.771066 0.389151 0.006812 0.011955
0 0.770751 0.378574 0.006801 0.011955
0 0.810663 0.454135 0.006812 0.011955
0 0.675424 0.628694 0.006812 0.011971
0 0.669317 0.628854 0.006812 0.011971
0 0.662484 0.628854 0.006812 0.011971
0 0.621108 0.838293 0.006812 0.011971
0 0.614400 0.836218 0.006812 0.011955
0 0.430776 0.894671 0.006812 0.011971
0 0.423944 0.894671 0.006812 0.011971
0 0.417629 0.894832 0.006812 0.011971
0 0.443820 0.860216 0.006812 0.011971
0 0.436988 0.860216 0.006812 0.011971
0 0.430569 0.860216 0.006812 0.011971
0 0.424151 0.860056 0.006812 0.011971
0 0.417526 0.860216 0.006812 0.011971
0 0.174327 0.843638 0.006812 0.011955
0 0.133954 0.859503 0.006812 0.012596
0 0.160616 0.700264 0.007961 0.012612
0 0.134068 0.621522 0.006812 0.012596
0 0.293085 0.413037 0.006812 0.011042
0 0.293499 0.402941 0.006812 0.011042
0 0.279006 0.424095 0.006812 0.011042
0 0.279410 0.413870 0.006812 0.011042
0 0.139234 0.382276 0.006812 0.009423
0 0.133033 0.382917 0.006812 0.009423
0 0.126636 0.382700 0.007723 0.009439
0 0.068318 0.382276 0.008540 0.009423
0 0.037966 0.147532 0.008540 0.009423
0 0.674995 0.079327 0.006801 0.011955
0 0.507433 0.385489 0.006812 0.011971
0 0.514374 0.385329 0.006801 0.011971
0 0.275331 0.602756 0.006812 0.011955
0 0.281853 0.602756 0.006812 0.011955
0 0.693986 0.125449 0.006812 0.011955
0 0.682184 0.126090 0.006812 0.011955
0 0.675559 0.126090 0.006812 0.011955
0 0.668830 0.125929 0.006812 0.011955
0 0.810735 0.140345 0.006812 0.011971
