0 0.101893 0.975277 0.021356 0.013267
0 0.377782 0.892529 0.021356 0.013267
0 0.379195 0.860248 0.021356 0.013255
0 0.377782 0.829440 0.021356 0.013267
0 0.209160 0.675702 0.009393 0.008243
0 0.142133 0.299322 0.010650 0.008243
0 0.312528 0.416645 0.010537 0.008243
0 0.141751 0.524782 0.009407 0.008243
0 0.227097 0.675820 0.009393 0.008243
0 0.183870 0.069882 0.010621 0.009410
0 0.141645 0.177223 0.010607 0.009422
0 0.160833 0.198697 0.009407 0.008243
0 0.160876 0.206480 0.009407 0.008243
0 0.160593 0.213673 0.009407 0.008243
0 0.160876 0.221103 0.009407 0.008243
0 0.183757 0.198343 0.009407 0.008243
0 0.183475 0.205772 0.009407 0.008243
0 0.184181 0.213555 0.009407 0.008243
0 0.184181 0.221456 0.009407 0.008243
0 0.615282 0.294239 0.009407 0.008243
0 0.624322 0.294475 0.009407 0.008243
0 0.981384 0.431846 0.009407 0.008243
0 0.981250 0.439157 0.009393 0.008243
0 0.981102 0.446232 0.009407 0.008243
0 0.705381 0.631315 0.009407 0.008243
0 0.705099 0.623532 0.009407 0.008243
0 0.670141 0.543443 0.011412 0.008231
0 0.454944 0.685914 0.009407 0.008243
0 0.218340 0.675584 0.009393 0.008243
0 0.101893 0.944009 0.021356 0.013255
