0 0.461813 0.347739 0.012948 0.016688
0 0.203244 0.719404 0.012948 0.016688
0 0.202341 0.755875 0.012948 0.016688
0 0.202542 0.791018 0.012948 0.016688
0 0.202966 0.864216 0.012948 0.016688
0 0.197772 0.608629 0.012948 0.016688
0 0.350929 0.445989 0.012948 0.016688
0 0.375486 0.445744 0.012948 0.016688
0 0.192675 0.454792 0.012948 0.016688
0 0.193587 0.308167 0.012948 0.016688
0 0.302312 0.258885 0.012948 0.016688
0 0.351599 0.257905 0.012948 0.016688
0 0.355768 0.192414 0.012948 0.016688
0 0.461466 0.219361 0.012948 0.016682
0 0.461639 0.286120 0.012948 0.016688
0 0.460946 0.306659 0.012948 0.016682
0 0.585579 0.542497 0.012948 0.016682
0 0.617746 0.368196 0.012952 0.016688
0 0.640758 0.353960 0.012952 0.016688
0 0.642595 0.191639 0.012948 0.016688
0 0.834696 0.189159 0.012948 0.016688
0 0.834216 0.251311 0.012948 0.016682
0 0.837812 0.348521 0.012948 0.016688
0 0.838196 0.496006 0.012948 0.016688
