0 0.083357 0.958462 0.010868 0.012750
0 0.083566 0.929221 0.010868 0.012750
0 0.375645 0.671551 0.005300 0.007250
0 0.370468 0.671548 0.005300 0.007243
0 0.297107 0.671761 0.006205 0.007250
0 0.476473 0.610408 0.004491 0.007722
0 0.476473 0.603395 0.004491 0.007722
0 0.280205 0.563638 0.004491 0.007722
0 0.280336 0.556637 0.004491 0.007722
0 0.287227 0.253957 0.005227 0.009177
0 0.208341 0.385571 0.005227 0.009177
0 0.373218 0.471615 0.006200 0.007250
0 0.395341 0.256251 0.006209 0.005801
0 0.447895 0.271522 0.006209 0.004754
0 0.501030 0.394531 0.004577 0.007786
0 0.654561 0.298468 0.004577 0.007786
0 0.229234 0.821471 0.010868 0.012757
0 0.229234 0.879949 0.010868 0.012750
0 0.228952 0.909585 0.010868 0.012750
