0 0.441881 0.920926 0.008130 0.011133
0 0.314986 0.995092 0.008130 0.009816
0 0.315089 0.985168 0.008137 0.011133
0 0.441617 0.533423 0.008130 0.011133
0 0.441688 0.522243 0.008130 0.011133
0 0.441924 0.350214 0.008130 0.011149
0 0.442066 0.339870 0.008130 0.011133
0 0.290924 0.432029 0.008130 0.010674
0 0.290853 0.422818 0.008130 0.009188
0 0.291067 0.413844 0.008130 0.011149
0 0.290924 0.403292 0.008130 0.011179
0 0.290867 0.306799 0.008130 0.013292
0 0.136338 0.293025 0.007552 0.011164
0 0.135560 0.342037 0.007366 0.010658
0 0.135917 0.351838 0.007366 0.010658
0 0.136060 0.361899 0.007366 0.010658
0 0.660071 0.438982 0.014333 0.038147
0 0.660057 0.393920 0.015931 0.043277
0 0.363954 0.252695 0.005782 0.015773
0 0.317937 0.635084 0.005782 0.015773
0 0.323619 0.634334 0.005782 0.015773
0 0.388094 0.632802 0.005782 0.015773
0 0.420000 0.733752 0.005782 0.015773
0 0.414147 0.733124 0.005782 0.015773
0 0.314147 0.785544 0.005782 0.015773
0 0.225453 0.734227 0.005782 0.015773
0 0.222298 0.587703 0.005782 0.015773
0 0.172334 0.588162 0.005782 0.015773
0 0.177088 0.437090 0.005782 0.015773
0 0.235575 0.392573 0.005782 0.015773
0 0.222370 0.412634 0.005782 0.015773
0 0.195675 0.391807 0.005782 0.015773
0 0.190250 0.391654 0.005782 0.015773
0 0.184468 0.392113 0.005782 0.015773
0 0.179115 0.391348 0.005782 0.015773
0 0.237645 0.215283 0.005782 0.015773
0 0.149143 0.216156 0.005782 0.015773
0 0.297862 0.578813 0.007488 0.012971
0 0.441738 0.932412 0.008130 0.011133
