0 0.176994 0.321916 0.005606 0.005969
0 0.383930 0.958795 0.010629 0.010900
0 0.383908 0.904090 0.010629 0.010897
0 0.384052 0.875416 0.010627 0.010900
0 0.212980 0.644309 0.004118 0.006976
0 0.212980 0.637339 0.004118 0.006976
0 0.183038 0.648489 0.004118 0.006976
0 0.291697 0.351132 0.004118 0.007215
0 0.291788 0.344051 0.004118 0.006976
0 0.301856 0.339502 0.004118 0.007949
0 0.649103 0.323249 0.004118 0.007949
0 0.659210 0.323104 0.004118 0.007952
0 0.688901 0.371453 0.003893 0.007913
0 0.202440 0.538343 0.005198 0.005969
0 0.304041 0.472149 0.005198 0.005969
0 0.299370 0.472149 0.005198 0.005969
0 0.294700 0.472425 0.005198 0.005969
0 0.289639 0.472287 0.005198 0.005969
0 0.635000 0.114895 0.005198 0.005969
0 0.546978 0.145620 0.005196 0.005969
0 0.542248 0.145859 0.005196 0.005969
0 0.537630 0.145859 0.005198 0.005969
0 0.532561 0.145859 0.005198 0.005969
0 0.561678 0.114959 0.005198 0.005969
0 0.556553 0.114959 0.005196 0.005969
0 0.669604 0.287221 0.005196 0.005969
0 0.587940 0.491376 0.005198 0.005969
0 0.582969 0.491260 0.005198 0.005969
0 0.577837 0.491260 0.005198 0.005969
0 0.547380 0.632909 0.005196 0.005969
0 0.542086 0.632830 0.005198 0.005969
0 0.412102 0.671665 0.005198 0.005969
0 0.407031 0.671857 0.005194 0.005969
0 0.402304 0.672048 0.005606 0.005969
0 0.467586 0.325058 0.005604 0.005969
0 0.462376 0.324993 0.005604 0.005969
0 0.186937 0.321817 0.005606 0.005969
0 0.182106 0.322051 0.005035 0.005564
0 0.134183 0.322018 0.005606 0.006771
0 0.111190 0.161771 0.005606 0.006771
