0 0.420995 0.495539 0.003827 0.007798
0 0.135545 0.115319 0.005818 0.005737
0 0.112582 0.536583 0.005818 0.006860
0 0.284457 0.686921 0.004823 0.008175
0 0.401559 0.553283 0.005818 0.005737
0 0.386095 0.471522 0.005818 0.006541
0 0.371418 0.323622 0.005818 0.005737
0 0.377055 0.323622 0.005818 0.005737
0 0.878482 0.676050 0.003927 0.008360
0 0.878600 0.684148 0.003927 0.008360
0 0.831684 0.389324 0.005905 0.006803
0 0.112682 0.215325 0.005818 0.005737
0 0.420773 0.502591 0.003827 0.007798
0 0.572748 0.454276 0.003823 0.007798
0 0.572814 0.462087 0.003827 0.007798
0 0.420873 0.629126 0.003827 0.007798
0 0.420873 0.636512 0.003827 0.007792
0 0.258980 0.506117 0.005723 0.007422
0 0.143639 0.506158 0.005723 0.007428
0 0.244661 0.357278 0.004141 0.008098
0 0.122966 0.237802 0.004141 0.008098
0 0.122966 0.244764 0.004141 0.007345
0 0.122836 0.252294 0.004673 0.007728
0 0.112482 0.328989 0.005818 0.005737
0 0.090936 0.925297 0.011127 0.012687
0 0.241518 0.820118 0.011127 0.012693
0 0.242170 0.878430 0.011132 0.012687
