0 0.675374 0.523037 0.007801 0.016137
0 0.201788 0.783879 0.009642 0.011059
0 0.609924 0.635872 0.009642 0.011059
0 0.090997 0.578442 0.007801 0.016137
0 0.649632 0.658995 0.011679 0.013785
0 0.708667 0.926285 0.011679 0.013785
0 0.374735 0.282009 0.007801 0.016137
0 0.390444 0.286215 0.007801 0.016137
0 0.389675 0.415670 0.007801 0.016137
0 0.374854 0.449315 0.007801 0.016137
0 0.375125 0.637570 0.007801 0.016137
0 0.850173 0.926051 0.011679 0.013785
0 0.483456 0.929836 0.009166 0.011386
0 0.492492 0.929260 0.009166 0.011386
0 0.090574 0.235794 0.007801 0.016137
0 0.091170 0.410958 0.007801 0.016153
0 0.390260 0.168481 0.007801 0.016153
0 0.666587 0.156963 0.007801 0.016137
0 0.689989 0.189704 0.007801 0.016137
0 0.953879 0.210109 0.007801 0.016137
0 0.953954 0.466519 0.007801 0.016153
0 0.954323 0.535958 0.007801 0.016153
0 0.829588 0.870958 0.007801 0.016153
0 0.675688 0.455296 0.007801 0.016137
0 0.689729 0.454626 0.007801 0.016137
0 0.690195 0.472570 0.007801 0.016137
