0 0.954048 0.833321 0.010294 0.013512
0 0.935822 0.246710 0.010294 0.013512
0 0.936007 0.233459 0.010294 0.013512
0 0.952742 0.225767 0.010294 0.013528
0 0.952938 0.213850 0.010294 0.013528
0 0.953308 0.201388 0.010294 0.013512
0 0.953123 0.190790 0.010294 0.013512
0 0.120152 0.126212 0.009402 0.015429
0 0.128890 0.125782 0.009402 0.015429
0 0.137176 0.125521 0.007258 0.014908
0 0.145218 0.125782 0.008150 0.014908
0 0.197911 0.797408 0.010490 0.014908
0 0.411763 0.939847 0.010207 0.014908
0 0.687938 0.938589 0.010196 0.014908
0 0.696948 0.939325 0.010196 0.014908
0 0.608281 0.650437 0.010207 0.014893
0 0.647764 0.676672 0.010196 0.014908
0 0.370147 0.655322 0.010196 0.014908
0 0.087889 0.628129 0.008270 0.013528
0 0.086779 0.614739 0.007943 0.014448
0 0.087155 0.431641 0.008281 0.013528
0 0.087682 0.259218 0.008270 0.013528
0 0.363406 0.142653 0.010294 0.013528
0 0.387998 0.191887 0.010294 0.013528
0 0.370054 0.304126 0.010294 0.013528
0 0.388466 0.308911 0.010294 0.013528
0 0.388368 0.427454 0.010294 0.013528
0 0.388368 0.439264 0.010294 0.013528
0 0.370522 0.469785 0.010294 0.013528
0 0.954570 0.821725 0.010294 0.013512
0 0.672840 0.610706 0.010294 0.013528
0 0.672622 0.599202 0.010294 0.013528
0 0.673602 0.586626 0.010294 0.013528
0 0.673166 0.575429 0.010294 0.013528
0 0.688640 0.491304 0.010294 0.013528
0 0.688400 0.212845 0.010294 0.013512
0 0.664973 0.180529 0.010294 0.013512
