0 0.595625 0.330266 0.008637 0.014476
0 0.681781 0.651928 0.007679 0.016263
0 0.594648 0.315953 0.008637 0.014476
0 0.682871 0.666787 0.007679 0.016263
0 0.731339 0.898456 0.008957 0.012482
0 0.722857 0.899099 0.008966 0.012467
0 0.435113 0.909941 0.008966 0.012467
0 0.417068 0.912304 0.008966 0.012467
0 0.229643 0.773279 0.008966 0.012467
0 0.777303 0.609069 0.008966 0.012467
0 0.695122 0.161130 0.016974 0.020576
0 0.594018 0.301241 0.008637 0.016337
0 0.349149 0.595775 0.008637 0.016337
0 0.348590 0.580096 0.008647 0.016352
0 0.340329 0.333124 0.008647 0.016352
0 0.323407 0.358176 0.008637 0.014727
0 0.323896 0.372319 0.008637 0.014653
0 0.324093 0.386662 0.008637 0.016337
0 0.251180 0.709490 0.008637 0.016352
0 0.053773 0.558840 0.008637 0.016352
0 0.053576 0.255148 0.008637 0.016352
