0 0.651609 0.394792 0.020119 0.027409
0 0.360091 0.300544 0.018319 0.020840
0 0.343134 0.301994 0.018319 0.020840
0 0.327166 0.303400 0.018319 0.020840
0 0.292228 0.301286 0.018319 0.020840
0 0.275266 0.301640 0.018319 0.020840
0 0.260041 0.301640 0.018319 0.020840
0 0.295837 0.250557 0.016325 0.020124
0 0.278850 0.251048 0.016325 0.020115
0 0.124978 0.251945 0.018044 0.020124
0 0.250850 0.670243 0.017050 0.020115
0 0.654447 0.346406 0.020119 0.027401
0 0.267703 0.670592 0.017056 0.020124
0 0.365391 0.837546 0.017056 0.020115
0 0.400397 0.593811 0.017056 0.020124
0 0.458969 0.590756 0.017050 0.020115
0 0.475853 0.591782 0.017056 0.020115
0 0.494178 0.591273 0.017056 0.020124
0 0.511784 0.590765 0.017056 0.020115
0 0.503275 0.688501 0.012475 0.023652
0 0.502897 0.664885 0.012481 0.023652
0 0.519850 0.810995 0.012475 0.023652
0 0.457522 0.623006 0.017056 0.020124
0 0.475197 0.622272 0.017056 0.020124
0 0.316322 0.489050 0.012481 0.023652
0 0.315962 0.509377 0.012475 0.023652
0 0.519344 0.451428 0.012475 0.023652
0 0.520059 0.389925 0.012481 0.023652
0 0.520059 0.378740 0.012481 0.023652
0 0.519331 0.323019 0.012475 0.023652
